READ 1
0.300276935 0
0.300831288 0
0.301386654 0
0.301943064 0
0.302500486 0
0.303058952 0
0.303618431 0
0.304178953 0
0.304740518 0
0.305303097 0
0.305866748 0
0.306431413 0
0.30699712 0
0.307563901 0
0.308131695 0
0.308700562 0
0.309270442 0
0.309841424 0
0.31041342 0
0.310986489 0
0.311560631 0
0.312135816 0
0.312712044 0
0.313289344 0
0.313867748 0
0.314447194 0
0.315027684 0
0.315609276 0
0.316191941 0
0.31677568 0
0.317360491 0
0.317946374 0
0.318533361 0
0.31912142 0
0.319710553 0
0.320300788 0
0.320892096 0
0.321484506 0
0.322078019 0
0.322672635 0
0.323268324 0
0.323865116 0
0.32446304 0
0.325062037 0
0.325662136 0
0.326263368 0
0.326865703 0
0.32746914 0
0.32807368 0
0.328679353 0
0.329286128 0
0.329894066 0
0.330503076 0
0.331113249 0
0.331724524 0
0.332336932 0
0.332950473 0
0.333565146 0
0.334180951 0
0.334797889 0
0.335415989 0
0.336035222 0
0.336655587 0
0.337277085 0
0.337899745 0
0.338523567 0
0.339148521 0
0.339774638 0
0.340401918 0
0.341030359 0
0.341659933 0
0.342290699 0
0.342922598 0
0.343555689 0
0.344189942 0
0.344825357 0
0.345461965 0
0.346099734 0
0.346738696 0
0.34737882 0
0.348020107 0
0.348662615 0
0.349306285 0
0.349951178 0
0.350597233 0
0.351244479 0
0.351892918 0
0.352542579 0
0.353193402 0
0.353845447 0
0.354498714 0
0.355153173 0
0.355808824 0
0.356465697 0
0.357123792 0
0.357783079 0
0.358443588 0
0.359105349 0
0.359768301 0
0.360432476 0
0.361097902 0
0.36176452 0
0.36243239 0
0.363101512 0
0.363771826 0
0.364443421 0
0.365116239 0
0.365790278 0
0.366465569 0
0.367142141 0
0.367819935 0
0.368498981 0
0.369179279 0
0.369860828 0
0.370543659 0
0.371227711 0
0.371913075 0
0.372599661 0
0.373287529 0
0.373976678 0
0.374667108 0
0.37535879 0
0.376051754 0
0.376745999 0
0.377441525 0
0.378138334 0
0.378836423 0
0.379535824 0
0.380236477 0
0.38093847 0
0.381641716 0
0.382346302 0
0.38305217 0
0.38375932 0
0.38446781 0
0.385177583 0
0.385888666 0
0.38660109 0
0.387314796 0
0.388029844 0
0.388746202 0
0.389463872 0
0.390182883 0
0.390903205 0
0.391624868 0
0.392347872 0
0.393072218 0
0.393797874 0
0.394524872 0
0.395253241 0
0.395982921 0
0.396713972 0
0.397446364 0
0.398180097 0
0.398915201 0
0.399651647 0
0.400389463 0
0.40112862 0
0.401869178 0
0.402611077 0
0.403354347 0
0.404099017 0
0.404845029 0
0.405592442 0
0.406341225 0
0.407091379 0
0.407842934 0
0.40859586 0
0.409350187 0
0.410105914 0
0.410863012 0
0.411621541 0
0.41238144 0
0.413142771 0
0.413905472 0
0.414669603 0
0.415435135 0
0.416202098 0
0.416970462 0
0.417740256 0
0.41851145 0
0.419284105 0
0.420058161 0
0.420833647 0
0.421610564 0
0.422388911 0
0.423168689 0
0.423949927 0
0.424732596 0
0.425516725 0
0.426302284 0
0.427089304 0
0.427877754 0
0.428667694 0
0.429459065 0
0.430251896 0
0.431046218 0
0.431841999 0
0.432639241 0
0.433437943 0
0.434238136 0
0.435039788 0
0.435842931 0
0.436647564 0
0.437453687 0
0.438261271 0
0.439070374 0
0.439880967 0
0.440693051 0
0.441506624 0
0.442321718 0
0.443138301 0
0.443956405 0
0.444775999 0
0.445597112 0
0.446419746 0
0.447243899 0
0.448069572 0
0.448896796 0
0.449725509 0
0.450555772 0
0.451387554 0
0.452220887 0
0.453055739 0
0.453892142 0
0.454730093 0
0.455569595 0
0.456410646 0
0.457253247 0
0.458097398 0
0.458943099 0
0.459790379 0
0.460639209 0
0.461489618 0
0.462341607 0
0.463195145 0
0.464050263 0
0.464906991 0
0.465765268 0
0.466625124 0
0.46748659 0
0.468349636 0
0.469214261 0
0.470080495 0
0.470948339 0
0.471817791 0
0.472688824 0
0.473561466 0
0.474435747 0
0.475311607 0
0.476189107 0
0.477068216 0
0.477948964 0
0.478831321 0
0.479715317 0
0.480600923 0
0.481488198 0
0.482377082 0
0.483267605 0
0.484159797 0
0.485053629 0
0.485949099 0
0.486846238 0
0.487745017 0
0.488645464 0
0.48954758 0
0.490451336 0
0.49135679 0
0.492263913 0
0.493172705 0
0.494083166 0
0.494995296 0
0.495909154 0
0.496824652 0
0.497741878 0
0.498660773 0
0.499581367 0
0.500503659 0
0.50142765 0
0.50235337 0
0.503280818 0
0.504209936 0
0.505140781 0
0.506073296 0
0.507007599 0
0.50794363 0
0.50888133 0
0.509820819 0
0.510762036 0
0.511704981 0
0.512649655 0
0.513596058 0
0.514544249 0
0.515494168 0
0.516445816 0
0.517399251 0
0.518354475 0
0.519311428 0
0.520270109 0
0.521230638 0
0.522192895 0
0.523156941 0
0.524122775 0
0.525090337 0
0.526059747 0
0.527030945 0
0.528003931 0
0.528978646 0
0.529955268 0
0.530933619 0
0.531913817 0
0.532895803 0
0.533879578 0
0.534865201 0
0.535852611 0
0.536841869 0
0.537832975 0
0.538825929 0
0.539820671 0
0.540817261 0
0.541815639 0
0.542815924 0
0.543818057 0
0.544822037 0
0.545827806 0
0.546835482 0
0.547845066 0
0.548856437 0
0.549869716 0
0.550884843 0
0.551901877 0
0.552920759 0
0.553941488 0
0.554964185 0
0.555988729 0
0.557015121 0
0.55804348 0
0.559073687 0
0.560105801 0
0.561139882 0
0.56217581 0
0.563213646 0
0.564253449 0
0.5652951 0
0.566338718 0
0.567384303 0
0.568431735 0
0.569481134 0
0.570532501 0
0.571585774 0
0.572641015 0
0.573698223 0
0.574757338 0
0.575818419 0
0.576881468 0
0.577946424 0
0.579013407 0
0.580082357 0
0.581153274 0
0.582226157 0
0.583301067 0
0.584377885 0
0.585456729 0
0.5865376 0
0.587620437 0
0.588705242 0
0.589792073 0
0.59088093 0
0.591971755 0
0.593064606 0
0.594159484 0
0.595256388 0
0.596355319 0
0.597456276 0
0.59855926 0
0.59966433 0
0.600771368 0
0.601880491 0
0.602991641 0
0.604104877 0
0.605220139 0
0.606337428 0
0.607456803 0
0.608578265 0
0.609701812 0
0.610827386 0
0.611955047 0
0.613084793 0
0.614216685 0
0.615350604 0
0.616486609 0
0.61762476 0
0.618764937 0
0.61990726 0
0.621051729 0
0.622198284 0
0.623346925 0
0.624497712 0
0.625650644 0
0.626805663 0
0.627962828 0
0.629122138 0
0.630283594 0
0.631447196 0
0.632612944 0
0.633780837 0
0.634950876 0
0.636123121 0
0.637297451 0
0.638473988 0
0.639652729 0
0.640833616 0
0.642016709 0
0.643201947 0
0.644389391 0
0.64557904 0
0.646770835 0
0.647964895 0
0.6491611 0
0.650359571 0
0.651560187 0
0.652763069 0
0.653968155 0
0.655175507 0
0.656385064 0
0.657596827 0
0.658810854 0
0.660027087 0
0.661245584 1.40129846E-45
0.662466347 1.40129846E-45
0.663689375 2.80259693E-45
0.664914608 4.20389539E-45
0.666142166 5.60519386E-45
0.667371929 9.80908925E-45
0.668604016 1.54142831E-44
0.669838369 2.52233724E-44
0.671074986 4.20389539E-44
0.672313869 6.72623263E-44
0.673555017 1.0930128E-43
0.674798548 1.75162308E-43
0.676044285 2.8306229E-43
0.677292347 4.54020702E-43
0.678542733 7.28675201E-43
0.679795444 1.16728162E-42
0.68105042 1.87633864E-42
0.68230772 3.0113904E-42
0.683567405 4.82887451E-42
0.684829354 7.72255584E-42
0.686093628 1.23216174E-41
0.687360287 1.96069681E-41
0.68862921 3.13036064E-41
0.689900517 5.01454655E-41
0.691174209 8.01851007E-41
0.692450225 1.2824123E-40
0.693728566 2.05546663E-40
0.695009291 3.30073051E-40
0.696292341 5.30981415E-40
0.697577834 8.60998414E-40
0.698865652 1.42395466E-39
0.700155854 2.33517E-39
0.701448441 3.78381414E-39
0.702743411 5.76094538E-39
0.704040766 8.19185069E-39
0.705340505 6.68611486E-39
0.706642687 5.0166485E-43
0.707947254 0
0.709254205 0
0.7105636 0
0.711875439 1.68155816E-44
0.713189662 6.61412875E-43
0.714506269 3.33088645E-42
0.715825379 1.06078294E-41
0.717146873 3.11690817E-41
0.718470812 3.49525876E-41
0.719797254 1.89175293E-43
0.72112608 0
0.722457409 4.20389539E-45
0.723791122 4.14784345E-43
0.725127339 6.73043652E-42
0.72646606 3.17394102E-41
0.727807224 7.90458451E-41
0.729150832 1.73552216E-40
0.730496943 3.41160124E-40
0.731845558 6.0773894E-40
0.733196676 1.06074931E-39
0.734550238 1.71068274E-39
0.735906303 2.60121072E-39
0.737264931 3.88573198E-39
0.738626003 5.92951037E-39
0.739989638 9.48245358E-39
0.741355717 1.49850822E-38
0.742724359 2.33783639E-38
0.744095564 3.49064008E-38
0.745469272 5.10108963E-38
0.746845484 7.67116966E-38
0.748224318 1.15183505E-37
0.749605596 1.70866891E-37
0.750989497 2.53102484E-37
0.752375901 3.74406547E-37
0.753764927 5.53323617E-37
0.755156457 8.16706699E-37
0.75655061 1.20341871E-36
0.757947326 1.77013887E-36
0.759346604 2.59950721E-36
0.760748446 3.81286129E-36
0.76215291 5.5853495E-36
0.763559937 8.1705058E-36
0.764969587 1.19353924E-35
0.7663818 1.74059073E-35
0.767796695 2.5338524E-35
0.769214153 3.68432531E-35
0.770634234 5.34919151E-35
0.772056878 7.75470466E-35
0.773482203 1.1231829E-34
0.774910212 1.63397733E-34
0.776340783 2.38015864E-34
0.777774036 3.45574791E-34
0.779209912 4.98344493E-34
0.78064841 7.17010274E-34
0.782089591 1.03020169E-33
0.783533454 1.47686897E-33
0.784979999 2.11506992E-33
0.786429167 3.02497473E-33
0.787881017 4.31899032E-33
0.789335549 6.15874441E-33
0.790792763 8.65298436E-33
0.792252719 1.2108303E-32
0.793715298 1.76244924E-32
0.795180619 2.4991915E-32
0.796648622 3.49148976E-32
0.798119366 4.85572501E-32
0.799592793 6.69642574E-32
0.801068962 9.21295637E-32
0.802547872 1.27394424E-31
0.804029465 1.75878546E-31
0.805513859 2.42504085E-31
0.807000935 3.33859533E-31
0.808490753 4.59043427E-31
0.809983373 6.30445644E-31
0.811478674 8.64456571E-31
0.812976778 1.18370128E-30
0.814477682 1.61865252E-30
0.815981328 2.21020774E-30
0.817487717 3.01496772E-30
0.818996906 4.1045765E-30
0.820508897 5.57759619E-30
0.82202369 7.56581191E-30
0.823541284 1.02501618E-29
0.825061619 1.38655957E-29
0.826584816 1.87319843E-29
0.828110814 2.52794946E-29
0.829639614 3.40772961E-29
0.831171274 4.58822717E-29
0.832705736 6.16880597E-29
0.834243 8.2836552E-29
0.835783124 1.11085208E-28
0.837326109 1.48787802E-28
0.838871956 1.98956002E-28
0.840420604 2.655757E-28
0.841972113 3.54026657E-28
0.843526542 4.71338613E-28
0.845083833 6.2688933E-28
0.846643984 8.32703545E-28
0.848206997 1.10367178E-27
0.849772871 1.45305213E-27
0.851341665 1.91471795E-27
0.85291338 2.52485217E-27
0.854488015 3.32886976E-27
0.856065512 4.3831631E-27
0.857645929 3.39416302E-27
0.859229267 2.63256366E-27
0.860815525 3.47065634E-27
0.862404704 4.56840058E-27
0.863996804 6.00245457E-27
0.865591884 4.35642079E-27
0.867189884 2.99514963E-27
0.868790865 3.39575225E-28
0.870394766 4.41632618E-29
0.872001648 6.35370428E-29
0.87361145 8.47158985E-29
0.875224292 9.81840831E-29
0.876840055 1.13742774E-28
0.878458858 1.51321182E-28
0.880080581 2.00956995E-28
0.881705344 2.66582143E-28
0.883333087 3.53121928E-28
0.88496387 4.67392142E-28
0.886597633 6.1804546E-28
0.888234377 8.16369348E-28
0.88987422 1.07773364E-27
0.891517043 1.4213935E-27
0.893162906 1.87191724E-27
0.894811809 2.46252292E-27
0.896463752 3.23579034E-27
0.898118794 4.24772285E-27
0.899776816 5.59037759E-27
0.901437938 7.34198083E-27
0.9031021 9.61917651E-27
0.904769361 1.25807468E-26
0.906439722 1.64341513E-26
0.908113122 2.14425305E-26
0.909789622 2.79285387E-26
0.911469221 3.63223208E-26
0.91315192 4.72024167E-26
0.914837718 6.12815624E-26
0.916526675 7.94606586E-26
0.918218672 1.02911583E-25
0.919913888 1.33230731E-25
0.921612144 1.72341468E-25
0.923313558 2.22634987E-25
0.925018132 2.87300874E-25
0.926725864 3.70379538E-25
0.928436756 4.77009152E-25
0.930150747 6.13612645E-25
0.931867957 7.87942622E-25
0.933588326 1.01047254E-24
0.935311854 1.294545E-24
0.937038541 1.65689051E-24
0.938768446 2.11878257E-24
0.940501571 2.70455459E-24
0.942237854 3.44895391E-24
0.943977356 4.39831607E-24
0.945720077 5.60376219E-24
0.947466016 7.13066361E-24
0.949215174 9.06754353E-24
0.95096755 1.15196593E-23
0.952723205 1.46169078E-23
0.954482019 1.85207627E-23
0.956244171 2.34435719E-23
0.958009541 2.96635808E-23
0.95977813 3.74867239E-23
0.961549997 4.7320342E-23
0.963325202 5.97010186E-23
0.965103626 7.52704444E-23
0.966885328 9.47950421E-23
0.968670368 1.19271099E-22
0.970458627 1.49945166E-22
0.972250223 1.88254675E-22
0.974045157 2.36130656E-22
0.97584337 2.95590119E-22
0.97764492 3.69801635E-22
0.979449809 4.62052973E-22
0.981257975 5.76910817E-22
0.983069539 7.19802431E-22
0.984884441 8.97272557E-22
0.986702681 1.11736743E-21
0.988524258 1.39063157E-21
0.990349233 1.72960275E-21
0.992177546 2.14862224E-21
0.994009256 2.66658654E-21
0.995844305 3.30519259E-21
0.99768281 4.08474025E-21
0.999524653 5.04231449E-21
1.00136995 6.22592109E-21
1.00321853 7.6832542E-21
1.00507069 9.47128506E-21
1.00692618 1.16685151E-20
1.00878513 1.43601705E-20
1.01064742 1.76950154E-20
1.01251328 2.1803405E-20
1.01438248 2.66341898E-20
1.01625526 3.26635142E-20
1.01813138 4.00318646E-20
1.02001095 4.89983021E-20
1.0218941 5.97832509E-20
1.02378058 7.19844881E-20
1.02567065 8.6395577E-20
1.02756417 1.05345774E-19
1.02946126 1.284045E-19
1.0313617 1.56354804E-19
1.03326583 1.90246268E-19
1.0351733 2.31244389E-19
1.03708446 2.80857984E-19
1.03899908 3.40878804E-19
1.04091716 4.13351613E-19
1.04283881 5.00773799E-19
1.04476404 6.06203189E-19
1.04669285 7.3220756E-19
1.04862523 8.829239E-19
1.05056107 1.06570621E-18
1.05250061 1.28561455E-18
1.05444372 1.5494526E-18
1.05639029 1.86511237E-18
1.05834055 2.24422041E-18
1.06029439 2.69827495E-18
1.06225181 3.24201757E-18
1.06421292 3.89213831E-18
1.06617761 4.66692241E-18
1.06814599 5.59825871E-18
1.07011783 6.75890478E-18
1.07209349 8.18661893E-18
1.07407272 9.69788535E-18
1.07605565 1.15813888E-17
1.07804215 1.33123652E-17
1.08003235 1.52959708E-17
1.08202624 1.82298828E-17
1.08402383 2.17186643E-17
1.08602512 2.58358764E-17
1.0880301 3.07145463E-17
1.09003866 3.64962443E-17
1.09205103 4.33277436E-17
1.09406722 5.14070185E-17
1.09608698 6.09411287E-17
1.09811044 7.2189455E-17
1.10013771 8.53914759E-17
1.1021688 1.00936436E-16
1.10420358 1.19288973E-16
1.10624206 1.40836327E-16
1.10828435 1.66170249E-16
1.11033034 1.95851752E-16
1.11238015 2.30727857E-16
1.11443377 2.71702388E-16
1.1164912 3.19629921E-16
1.11855245 3.76212198E-16
1.12061739 4.43209143E-16
1.12268627 5.2007013E-16
1.12475884 6.09795959E-16
1.12683535 7.14625075E-16
1.12891567 8.36882104E-16
1.1309998 9.64652895E-16
1.13308775 1.12954829E-15
1.13517964 1.33768017E-15
1.13727534 1.56154653E-15
1.13937485 1.82175209E-15
1.1414783 2.12462036E-15
1.14358568 2.4756107E-15
1.14569688 2.88283386E-15
1.14781201 3.35484699E-15
1.14993107 3.90068286E-15
1.15205395 4.52913091E-15
1.15418077 5.25803156E-15
1.15631163 6.09830391E-15
1.15844631 7.07370851E-15
1.16058493 8.19484979E-15
1.16272759 9.48854608E-15
1.16487408 1.09803524E-14
1.16702461 1.27003138E-14
1.1691792 1.4676135E-14
1.1713376 1.69517839E-14
1.17350006 1.95566304E-14
1.17566657 2.25518473E-14
1.17783701 2.5990835E-14
1.18001139 2.99198159E-14
1.18218994 3.44303037E-14
1.18437243 3.9615592E-14
1.18655884 4.55264963E-14
1.18874943 5.22875403E-14
1.19094408 6.00063212E-14
1.19314265 6.88381372E-14
1.1953454 7.89249918E-14
1.1975522 9.04180973E-14
1.19976306 1.03542974E-13
1.20197797 1.18485842E-13
1.20419705 1.35527548E-13
1.20642006 1.54785581E-13
1.20864737 1.76802393E-13
1.21087873 2.01798525E-13
1.21311414 2.30174739E-13
1.21535373 2.62314367E-13
1.21759748 2.98838347E-13
1.21984529 3.40390558E-13
1.22209728 3.87357952E-13
1.22435343 4.40485891E-13
1.22661376 5.00643038E-13
1.22887826 5.68734133E-13
1.23114693 6.45575227E-13
1.2334199 7.32406648E-13
1.23569691 8.30479077E-13
1.23797822 9.41445489E-13
1.2402637 1.06613351E-12
1.24255335 1.20653953E-12
1.2448473 1.36547956E-12
1.24714541 1.54474198E-12
1.24944782 1.74608548E-12
1.25175452 1.97203582E-12
1.25406539 2.22688209E-12
1.25638068 2.51441012E-12
1.25870013 2.836089E-12
1.26102388 3.19806269E-12
1.2633518 3.60417577E-12
1.26568413 4.0587954E-12
1.26802087 4.57220459E-12
1.27036178 5.14548256E-12
1.27270699 5.79147841E-12
1.2750566 6.51504241E-12
1.27741051 7.32898811E-12
1.27976882 8.24354474E-12
1.28213143 9.26797788E-12
1.28449845 1.04309616E-11
1.28686988 1.17450268E-11
1.28924561 1.32571671E-11
1.29162574 1.49806331E-11
1.29401028 1.69215388E-11
1.29639912 1.90926077E-11
1.29879248 2.14748636E-11
1.30119026 2.39914876E-11
1.30359244 2.67454722E-11
1.30599904 2.95892824E-11
1.30841017 3.26241603E-11
1.31082559 1.95127699E-11
1.31324553 1.1679103E-11
1.31567001 1.28651846E-11
1.3180989 1.42525462E-11
1.32053232 1.57695974E-11
1.32297027 1.74483639E-11
1.32541263 1.93227656E-11
1.32785952 2.13939873E-11
1.33031094 2.3700257E-11
1.33276689 2.62450287E-11
1.33522737 2.90587068E-11
1.33769238 3.21779617E-11
1.34016192 3.56078535E-11
1.34263611 3.94137362E-11
1.34511483 4.35914603E-11
1.34759808 4.82138461E-11
1.35008585 5.32975226E-11
1.3525784 5.88674387E-11
1.35507536 6.50243887E-11
1.35757709 7.176576E-11
1.36008334 7.92249877E-11
1.36259425 8.70309033E-11
1.3651098 9.59650692E-11
1.36763 1.0578808E-10
1.37015486 1.16555599E-10
1.37268436 1.28408575E-10
1.37521851 1.41352249E-10
1.37775731 1.55543231E-10
1.38030088 1.71077166E-10
1.3828491 1.87997937E-10
1.38540208 2.066603E-10
1.38795972 2.27061314E-10
1.390522 2.49203047E-10
1.39308918 2.73539469E-10
1.395661 3.00079239E-10
1.39823759 3.29014704E-10
1.40081894 3.60656838E-10
1.40340507 3.95130706E-10
1.40599597 4.328784E-10
1.40859163 4.73805606E-10
1.41119206 5.18456666E-10
1.41379726 5.66920622E-10
1.41640735 6.19723217E-10
1.41902232 6.77101486E-10
1.42164195 7.39520334E-10
1.42426658 8.07290901E-10
1.42689598 8.81177409E-10
1.42953014 9.61440483E-10
1.43216932 1.0485699E-9
1.43481326 1.14241117E-9
1.43746221 1.24417254E-9
1.44011593 1.35426259E-9
1.44277453 1.46658841E-9
1.44543815 1.60521585E-9
1.44810665 1.74561221E-9
1.45078003 1.89747884E-9
1.45345843 2.06256079E-9
1.45614171 2.24017471E-9
1.45882988 2.43182829E-9
1.46152318 2.63975575E-9
1.46422136 2.86437318E-9
1.46692443 3.1056977E-9
1.46963263 3.36589823E-9
1.47234571 3.64800723E-9
1.47506392 3.94986932E-9
1.47778714 4.27667102E-9
1.48051536 4.62729055E-9
1.48324859 5.00636821E-9
1.48598683 5.41344392E-9
1.48873019 5.85125459E-9
1.49147856 6.322316E-9
1.49423206 6.8271695E-9
1.49699068 7.37435357E-9
1.49975431 7.9565794E-9
1.50252306 8.58550564E-9
1.50529695 9.25721011E-9
1.50807595 9.97779193E-9
1.51085997 1.07519931E-8
1.51364934 1.15814238E-8
1.51644373 1.24677078E-8
1.51924324 1.34205855E-8
1.522048 1.44336481E-8
1.52485788 1.55274922E-8
1.52767301 1.66898868E-8
1.53049338 1.79360757E-8
1.53331888 1.92644585E-8
1.5361495 2.06797193E-8
1.53898549 2.22041674E-8
1.54182673 2.38276634E-8
1.54467309 2.55543746E-8
1.54752481 2.73982437E-8
1.55038178 2.93680618E-8
1.55324399 3.14654542E-8
1.55611145 3.36925901E-8
1.55898428 3.60739882E-8
1.56186235 3.85993459E-8
1.56474578 4.13100629E-8
1.56763458 4.24967297E-8
1.57052863 4.37126069E-8
1.57342803 4.67258268E-8
1.57633281 4.99329893E-8
1.57924294 5.33585869E-8
1.58215845 5.69876839E-8
1.58507931 6.0842325E-8
1.58800566 6.49300205E-8
1.59093738 6.92453099E-8
1.59387445 7.38231805E-8
1.5968169 7.86796903E-8
1.59976494 8.38959338E-8
1.60271823 8.93840522E-8
1.60567713 9.52032266E-8
1.60864139 1.01327188E-7
1.61161125 1.07866384E-7
1.61458647 1.14727641E-7
1.61756718 1.2207768E-7
1.62055349 1.29769063E-7
1.62354529 1.37899434E-7
1.62654257 1.4648316E-7
1.62954533 1.55535986E-7
1.6325537 1.65069466E-7
1.63556767 1.75241212E-7
1.63858712 1.859093E-7
1.64161229 1.97172739E-7
1.64464283 2.0906927E-7
1.64767909 2.21595229E-7
1.65072095 2.34705666E-7
1.65376842 2.48790201E-7
1.65682149 2.63498748E-7
1.65988028 2.78813729E-7
1.66294467 2.95140467E-7
1.66601467 3.12310931E-7
1.66909039 3.2982021E-7
1.67217171 3.49092147E-7
1.67525876 3.69004482E-7
1.67835152 3.89883581E-7
1.68145001 4.11841086E-7
1.68455422 4.34884299E-7
1.68766415 4.59134384E-7
1.69077981 4.84512327E-7
1.6939013 5.11173027E-7
1.6970284 5.39124869E-7
1.70016134 5.68440043E-7
1.70330012 5.99246391E-7
1.70644462 6.31425166E-7
1.70959496 6.65084258E-7
1.71275115 7.00547275E-7
1.71591318 7.37492087E-7
1.71908092 7.79596178E-7
1.72225463 8.20511787E-7
1.72543418 8.62985189E-7
1.72861958 9.0763649E-7
1.73181081 9.54230813E-7
1.735008 1.00307864E-6
1.73821104 1.05394633E-6
1.74142003 1.10715416E-6
1.74463499 1.16280648E-6
1.74785578 1.22087874E-6
1.75108254 1.28138959E-6
1.75431538 1.34458946E-6
1.75755405 1.41040232E-6
1.76079869 1.47914238E-6
1.76404941 1.55118607E-6
1.76730609 1.62615004E-6
1.77056885 1.70404667E-6
1.77383757 1.78537061E-6
1.77711225 1.87064006E-6
1.78039312 1.95930556E-6
1.78367996 2.05134302E-6
1.78697288 2.14725833E-6
1.79027188 2.2476504E-6
1.79357696 2.35180346E-6
1.79688823 2.45983051E-6
1.80020547 2.57302077E-6
1.8035289 2.69153406E-6
1.80685854 2.81475764E-6
1.81019425 2.94367783E-6
1.81353605 3.07745063E-6
1.81688416 3.22041319E-6
1.82023835 3.36827816E-6
1.82359874 3.52576171E-6
1.82696533 3.69351733E-6
1.83033824 3.86635247E-6
1.83371735 4.0429095E-6
1.83710265 4.22692392E-6
1.84049416 4.4049807E-6
1.84389198 4.58332033E-6
1.847296 3.23862855E-6
1.85070646 2.28696535E-6
1.85412312 2.37492236E-6
1.85754609 2.46484001E-6
1.86097538 2.55723944E-6
1.864411 2.65705989E-6
1.86785293 2.76226774E-6
1.87130129 2.87197281E-6
1.87475598 2.98744976E-6
1.87821698 3.10554037E-6
1.88168442 3.22785331E-6
1.8851583 3.35596724E-6
1.88863862 3.4888958E-6
1.89212525 3.62619789E-6
1.89561844 3.76894513E-6
1.89911795 3.91603453E-6
1.90262401 4.06973049E-6
1.90613651 4.2265201E-6
1.90965557 4.38893585E-6
1.91318107 4.55670761E-6
1.916713 4.72933152E-6
1.92025161 4.90778848E-6
1.92379665 5.09464417E-6
1.92734826 5.28429746E-6
1.93090641 5.48219441E-6
1.93447113 5.68496125E-6
1.9380424 5.89467618E-6
1.94162035 6.11089308E-6
1.94520485 6.33329182E-6
1.94879591 6.56022121E-6
1.95239377 6.79797085E-6
1.95599806 7.04128206E-6
1.95960915 7.28817304E-6
1.96322691 7.54640814E-6
1.96685123 7.81088966E-6
1.97048235 8.0844693E-6
1.97412014 8.36713298E-6
1.97776461 8.65654874E-6
1.98141587 8.95187623E-6
1.9850738 9.23825883E-6
1.98873854 9.57106931E-6
1.99241006 9.89328419E-6
1.99608839 1.02251297E-5
1.99977338 1.05648696E-5
2.00346518 1.09125431E-5
2.007164 1.12707921E-5
2.0108695 1.16365445E-5
2.01458192 1.20136538E-5
2.01830101 1.2400079E-5
2.02202702 1.27972298E-5
2.02575994 1.32054711E-5
2.02949977 1.36224626E-5
2.03324652 1.40472457E-5
2.03700018 1.44893065E-5
2.04076099 1.4933863E-5
2.04452848 1.53921446E-5
2.04830289 1.58631537E-5
2.05208445 1.63474979E-5
2.05587268 1.68382394E-5
2.0596683 1.73405861E-5
2.0634706 1.78574064E-5
2.06728005 1.83884476E-5
2.07109666 1.89214188E-5
2.07492018 1.94735712E-5
2.07875085 2.00373906E-5
2.08258843 2.0614274E-5
2.08643317 2.1208727E-5
2.09028506 2.18081404E-5
2.09414411 2.24169125E-5
2.09801006 2.30421138E-5
2.10188341 2.36789583E-5
2.10576367 2.4338251E-5
2.10965133 2.50055546E-5
2.11354589 2.56836429E-5
2.11744785 2.63770398E-5
2.12135696 2.70868568E-5
2.12527323 2.78089119E-5
2.12919688 2.85451988E-5
2.13312769 2.92962359E-5
2.13706565 3.00580141E-5
2.141011 3.08323397E-5
2.1449635 3.16174082E-5
2.14892364 3.24312932E-5
2.15289068 3.32566597E-5
2.15686536 3.4089011E-5
2.16084719 3.49388938E-5
2.16483641 3.5801695E-5
2.16883302 3.66742752E-5
2.17283702 3.75804921E-5
2.17684841 3.84937302E-5
2.1808672 3.94214694E-5
2.18489337 4.03619088E-5
2.18892694 4.13252237E-5
2.19296789 4.23017227E-5
2.19701648 4.32825364E-5
2.20107245 4.42824421E-5
2.20513606 4.5310986E-5
2.20920706 4.63526485E-5
2.21328545 4.74036278E-5
2.21737146 4.84774464E-5
2.22146511 4.95593486E-5
2.22556615 5.06614524E-5
2.22967505 5.17876724E-5
2.23379135 5.29206591E-5
2.23791528 5.40532856E-5
2.24204659 5.52265919E-5
2.24618578 5.64022557E-5
2.25033259 5.76082784E-5
2.25448704 5.88192415E-5
2.25864911 6.00535859E-5
2.26281881 6.12914591E-5
2.26699638 6.25565881E-5
2.27118158 6.38451384E-5
2.27537441 6.51370938E-5
2.27957511 6.64434629E-5
2.28378367 6.77698117E-5
2.28799987 6.91109235E-5
2.29222369 7.04580307E-5
2.29645562 7.18437659E-5
2.30069518 7.32148983E-5
2.30494261 7.46229925E-5
2.30919766 7.60384355E-5
2.31346083 7.74551736E-5
2.31773186 7.89054466E-5
2.32201076 8.03908333E-5
2.32629752 8.18718545E-5
2.33059216 8.336475E-5
2.33489466 8.48892814E-5
2.33920527 8.6410022E-5
2.34352374 8.79528961E-5
2.34785032 8.94812038E-5
2.35218477 9.10517774E-5
2.35652733 9.263018E-5
2.36087775 9.42357656E-5
2.36523628 9.58392411E-5
2.36960268 9.74733121E-5
2.37397742 9.91208217E-5
2.37836003 1.00751189E-4
2.38275099 1.02421043E-4
2.38714981 1.04125429E-4
2.39155674 1.05823055E-4
2.39597201 1.07553322E-4
2.40039515 1.092354E-4
2.40482664 1.10969755E-4
2.40926647 1.1271624E-4
2.41371417 1.14463721E-4
2.41817021 1.16251096E-4
2.4226346 1.18028933E-4
2.4271071 1.19828284E-4
2.43158793 1.21611702E-4
2.43607688 1.23429636E-4
2.44057417 1.25140374E-4
2.4450798 1.2707719E-4
2.44959378 1.28967862E-4
2.45411611 1.30843269E-4
2.45864677 1.3277457E-4
2.46318579 1.34651622E-4
2.46773314 1.36537696E-4
2.47228909 1.38434203E-4
2.47685313 1.23822218E-4
2.48142576 1.10767556E-4
2.48600698 1.12372865E-4
2.49059653 1.139909E-4
2.49519444 1.1563021E-4
2.49980092 1.17280404E-4
2.50441599 1.18938122E-4
2.5090394 1.20574972E-4
2.5136714 1.22257479E-4
2.51831198 1.23932114E-4
2.52296114 1.25614155E-4
2.52761889 1.2730727E-4
2.53228521 1.28983374E-4
2.53696012 1.30705739E-4
2.54164386 1.32445435E-4
2.54633594 1.34144328E-4
2.55103683 1.35849885E-4
2.55574656 1.37573181E-4
2.56046486 1.39338095E-4
2.56519175 1.41092853E-4
2.56992745 1.42854959E-4
2.57467198 1.44619858E-4
2.5794251 1.46390696E-4
2.58418703 1.48186155E-4
2.58895802 1.49966974E-4
2.5937376 1.51749089E-4
2.598526 1.53506611E-4
2.60332322 1.55304078E-4
2.60812926 1.57111877E-4
2.61294413 1.58888026E-4
2.61776805 1.6070166E-4
2.62260079 1.62495096E-4
2.6274426 1.64340643E-4
2.63229322 1.66171085E-4
2.63715267 1.67989798E-4
2.64202142 1.69826919E-4
2.64689898 1.71641936E-4
2.65178537 1.73466091E-4
2.65668106 1.75283145E-4
2.66158557 1.77138878E-4
2.66649938 1.78965463E-4
2.671422 1.8082936E-4
2.67635393 1.82684787E-4
2.68129468 1.845402E-4
2.68624473 1.86337958E-4
2.69120407 1.882168E-4
2.69617224 1.90045597E-4
2.70114994 1.9190945E-4
2.70613647 1.93750049E-4
2.71113253 1.95569868E-4
2.71613765 1.97389876E-4
2.72115207 1.99244299E-4
2.72617555 2.01086514E-4
2.73120856 2.02953932E-4
2.73625064 2.04806944E-4
2.74130225 2.06619457E-4
2.74636316 2.08491649E-4
2.75143313 2.10344413E-4
2.75651288 2.12170184E-4
2.76160169 2.14033324E-4
2.76670003 2.15862165E-4
2.77180767 2.17658759E-4
2.77692485 2.19530339E-4
2.78205156 2.21345283E-4
2.78718758 2.23146504E-4
2.79233313 2.25032098E-4
2.79748821 2.26808101E-4
2.8026526 2.28618141E-4
2.80782676 2.3054023E-4
2.81301045 2.32404927E-4
2.81820369 2.34224775E-4
2.82340646 2.35998101E-4
2.82861876 2.3732199E-4
2.83384085 2.38654698E-4
2.83907247 2.40430585E-4
2.84431386 2.42222814E-4
2.84956479 2.43997129E-4
2.8548255 2.45798175E-4
2.86009598 2.47587392E-4
2.86537623 2.49358534E-4
2.87066603 2.51129852E-4
2.8759656 2.52858707E-4
2.88127518 2.54633807E-4
2.8865943 2.56365049E-4
2.89192343 2.5814728E-4
2.89726233 2.59805616E-4
2.90261102 2.61562178E-4
2.90796971 2.63313035E-4
2.91333818 2.64994858E-4
2.91871667 2.66713148E-4
2.92410493 2.68471573E-4
2.92950344 2.70166725E-4
2.93491173 2.71878089E-4
2.94032979 2.73547455E-4
2.9457581 2.75287544E-4
2.95119643 2.7696637E-4
2.95664477 2.78604217E-4
2.96210313 2.80263892E-4
2.96757174 2.81913643E-4
2.97305012 2.83606088E-4
2.97853875 2.8523503E-4
2.98403764 2.86928349E-4
2.98954654 2.88540468E-4
2.99506569 2.90169293E-4
3.00059509 2.91762553E-4
3.00613451 2.93240242E-4
3.01168442 2.94710335E-4
3.01724434 2.96173064E-4
3.02281451 2.97628372E-4
3.02839518 2.99076171E-4
3.03398609 3.0051652E-4
3.03958726 3.01954511E-4
3.04519868 3.03379813E-4
3.05082059 3.04797635E-4
3.05645275 3.06217931E-4
3.0620954 3.07615701E-4
3.06774855 3.09020921E-4
3.07341194 3.10408592E-4
3.07908583 3.11798707E-4
3.08477044 3.13171389E-4
3.09046531 3.14541481E-4
3.09617066 3.15904093E-4
3.10188675 3.17264057E-4
3.10761333 3.18611623E-4
3.11335039 3.19951796E-4
3.11909795 3.21289263E-4
3.12485623 3.22614564E-4
3.13062525 3.23937216E-4
3.13640475 3.25252448E-4
3.14219499 3.26555542E-4
3.14799595 3.27860587E-4
3.15380764 3.29149072E-4
3.15963006 3.30434908E-4
3.16546321 3.31717922E-4
3.17130709 3.3298909E-4
3.17716169 3.34253098E-4
3.18302727 3.35509918E-4
3.18890357 3.36764031E-4
3.1947906 3.3800659E-4
3.2006886 3.32277181E-4
3.20659757 3.26658977E-4
3.2125175 3.27881426E-4
3.21844816 3.29105533E-4
3.22439003 3.30315059E-4
3.23034263 3.31522344E-4
3.23630619 3.32727184E-4
3.24228096 3.33917676E-4
3.2482667 3.35109769E-4
3.2542634 3.36295547E-4
3.26027131 3.37471254E-4
3.26629019 3.38640762E-4
3.27232027 3.39807826E-4
3.27836132 3.40968691E-4
3.28441381 3.42123443E-4
3.29047728 3.43272055E-4
3.29655194 3.44410975E-4
3.30263782 3.45551205E-4
3.30873489 3.46681772E-4
3.31484342 3.47806374E-4
3.32096291 3.48925038E-4
3.32709408 3.50041344E-4
3.33323622 3.51148366E-4
3.3393898 3.52252944E-4
3.34555483 3.53351585E-4
3.3517313 3.5444455E-4
3.35791898 3.55528464E-4
3.3641181 3.5661002E-4
3.3703289 3.57685873E-4
3.37655091 3.5875928E-4
3.38278461 3.59823869E-4
3.38902974 3.6088287E-4
3.39528632 3.61936283E-4
3.40155435 3.62987397E-4
3.40783429 3.64029896E-4
3.41412544 3.65073036E-4
3.42042851 3.66101624E-4
3.42674303 3.67133878E-4
3.43306947 3.68157605E-4
3.43940735 3.69176007E-4
3.44575691 3.70189082E-4
3.4521184 3.71196948E-4
3.45849133 3.72199516E-4
3.46487617 3.73199611E-4
3.47127295 3.74191615E-4
3.4776814 3.75181291E-4
3.48410177 3.76162934E-4
3.49053383 3.77144781E-4
3.49697781 3.7811615E-4
3.5034337 3.79085017E-4
3.50990152 3.80048761E-4
3.51638126 3.81007412E-4
3.52287316 3.81961057E-4
3.52937675 3.82912054E-4
3.53589249 3.83855455E-4
3.54242039 3.84796323E-4
3.54896021 3.857298E-4
3.55551195 3.86660628E-4
3.56207609 3.87586362E-4
3.56865215 3.88504763E-4
3.57524037 3.89422872E-4
3.58184075 3.90333676E-4
3.58845329 3.91237292E-4
3.59507799 3.92140413E-4
3.60171509 3.93038499E-4
3.60836434 3.93929426E-4
3.615026 3.94815521E-4
3.62169981 3.95698764E-4
3.62838602 3.9657703E-4
3.63508439 3.97448253E-4
3.6417954 3.98318662E-4
3.64851856 3.99180077E-4
3.65525436 4.00040561E-4
3.66200233 4.00892197E-4
3.66876292 4.01742815E-4
3.67553616 4.02588368E-4
3.68232155 4.03427082E-4
3.68911982 4.04260878E-4
3.69593024 4.05093364E-4
3.70275354 4.05917206E-4
3.70958948 4.0673613E-4
3.71643782 4.07553656E-4
3.72329879 4.08364373E-4
3.73017263 4.09170025E-4
3.73705912 4.09972359E-4
3.74395823 4.10768E-4
3.75086999 4.11558605E-4
3.75779462 4.12345835E-4
3.76473212 4.13126429E-4
3.77168226 4.13903443E-4
3.77864552 4.14676877E-4
3.7856214 4.15442133E-4
3.79261017 4.1620378E-4
3.79961181 4.16960364E-4
3.80662632 4.17713163E-4
3.81365395 4.18459356E-4
3.82069445 4.1920034E-4
3.82774806 4.19937453E-4
3.83481455 4.20669414E-4
3.84189415 4.2139471E-4
3.84898686 4.22117359E-4
3.85609269 4.2283209E-4
3.86321163 4.23542748E-4
3.87034369 4.24249301E-4
3.87748885 4.24948026E-4
3.88464737 4.25645121E-4
3.89181876 4.26333107E-4
3.89900374 4.27017978E-4
3.90620184 4.27697378E-4
3.91341329 4.28371306E-4
3.92063785 4.29039705E-4
3.927876 4.29701409E-4
3.9351275 4.30359738E-4
3.94239211 4.31011431E-4
3.94967031 4.31657478E-4
3.95696211 4.32298839E-4
3.96426725 4.32933506E-4
3.97158575 4.33563517E-4
3.97891784 4.34186804E-4
3.98626351 4.34805232E-4
3.99362278 4.35418799E-4
4.00099564 4.36024682E-4
4.00838184 4.36626578E-4
4.01578188 4.37220791E-4
4.02319574 4.37810842E-4
4.03062296 4.38394927E-4
4.038064 4.38971358E-4
4.04551888 4.3467473E-4
4.05298758 4.30436572E-4
4.0604701 4.31025226E-4
4.06796646 4.31609515E-4
4.07547617 4.3218775E-4
4.08300018 4.32761386E-4
4.09053802 4.33325942E-4
4.09808969 4.33887297E-4
4.10565519 4.34441085E-4
4.113235 4.34988673E-4
4.12082863 4.35531343E-4
4.12843609 4.36066417E-4
4.13605785 4.36595205E-4
4.14369345 4.37119073E-4
4.15134335 4.3763654E-4
4.15900755 4.38146322E-4
4.16668558 4.38651012E-4
4.17437792 4.39149269E-4
4.18208456 4.39640949E-4
4.18980503 4.40125092E-4
4.19754028 4.40604985E-4
4.20528936 4.41076059E-4
4.21305275 4.41541662E-4
4.22083092 4.42001765E-4
4.22862291 4.42453194E-4
4.23642969 4.42899996E-4
4.24425077 4.43339057E-4
4.25208616 4.43772413E-4
4.25993633 4.44197125E-4
4.26780081 4.44617937E-4
4.27567959 4.45029174E-4
4.28357315 4.45435493E-4
4.29148102 4.45834972E-4
4.29940367 4.46227525E-4
4.3073411 4.46612365E-4
4.31529331 4.46990423E-4
4.32325983 4.47363127E-4
4.33124113 4.47728031E-4
4.33923721 4.48085251E-4
4.34724808 4.48437087E-4
4.35527372 4.48780367E-4
4.36331415 4.49118088E-4
4.37136936 4.49447398E-4
4.37943935 4.49771062E-4
4.3875246 4.50087595E-4
4.39562464 4.50395659E-4
4.40373945 4.50698048E-4
4.41186953 4.50993248E-4
4.42001438 4.51280706E-4
4.4281745 4.51561034E-4
4.43634939 4.51834814E-4
4.44453955 4.52101347E-4
4.45274496 4.5236008E-4
4.46096516 4.52612789E-4
4.46920061 4.52857203E-4
4.4774518 4.53094923E-4
4.48571777 4.53325396E-4
4.493999 4.53548651E-4
4.50229549 4.5376466E-4
4.51060724 4.53973829E-4
4.51893473 4.54174733E-4
4.52727699 4.5436935E-4
4.53563499 4.54556197E-4
4.54400873 4.54736233E-4
4.55239725 4.54908499E-4
4.56080198 4.5507343E-4
4.5692215 4.55231522E-4
4.57765722 4.55382309E-4
4.58610821 4.55525325E-4
4.59457493 4.55661822E-4
4.60305691 4.5579017E-4
4.61155462 4.55911242E-4
4.62006855 4.56025737E-4
4.62859774 4.56132548E-4
4.63714266 4.56232054E-4
4.64570379 4.56324167E-4
4.65428019 4.56408918E-4
4.66287279 4.5648645E-4
4.67148113 4.56556998E-4
4.68010521 4.56619891E-4
4.6887455 4.56675451E-4
4.69740152 4.56723996E-4
4.70607376 4.56764974E-4
4.71476173 4.56798967E-4
4.72346592 4.56825626E-4
4.73218584 4.56844718E-4
4.74092197 4.56857117E-4
4.7496748 4.56861715E-4
4.75844336 4.56859329E-4
4.76722813 4.56849695E-4
4.77602911 4.56832844E-4
4.78484631 4.56808746E-4
4.79367971 4.5677743E-4
4.80252934 4.56739159E-4
4.81139565 4.56693262E-4
4.82027817 4.56640846E-4
4.8291769 4.56580601E-4
4.83809233 4.56513662E-4
4.84702396 4.56439593E-4
4.85597229 4.56358219E-4
4.86493731 4.56269947E-4
4.87391853 4.56174574E-4
4.88291645 4.56071983E-4
4.89193106 4.55962494E-4
4.90096235 4.55846166E-4
4.91001034 4.55722533E-4
4.91907501 4.5559206E-4
4.9281559 4.55454778E-4
4.93725443 4.55310248E-4
4.94636917 4.55159054E-4
4.9555006 4.55000816E-4
4.9646492 4.54835885E-4
4.97381496 4.54663939E-4
4.98299694 4.544853E-4
4.99219656 4.54299705E-4
5.00141287 4.54107445E-4
5.01064587 4.53908346E-4
5.01989651 4.53702669E-4
5.02916384 4.53490095E-4
5.03844833 4.53270972E-4
5.04775 4.53045184E-4
5.05706882 4.52812761E-4
5.06640482 4.52573702E-4
5.07575846 4.52328095E-4
5.08512878 4.52076027E-4
5.09451675 4.51817323E-4
5.10392189 4.51552158E-4
5.11334467 4.51280648E-4
5.12278461 4.51002561E-4
5.13224173 4.50718217E-4
5.14171696 4.50427469E-4
5.15120888 4.5013029E-4
5.16071892 4.49826854E-4
5.17024612 4.49517218E-4
5.17979145 4.49201325E-4
5.18935394 4.48879175E-4
5.19893408 4.48550767E-4
5.20853233 4.48216364E-4
5.21814775 4.4787582E-4
5.2277813 4.47529223E-4
5.23743248 4.47176513E-4
5.24710178 4.46817779E-4
5.25678873 4.4645305E-4
5.26649332 4.46082529E-4
5.27621603 4.45705955E-4
5.28595686 4.45323676E-4
5.29571533 4.44935402E-4
5.30549192 4.44541394E-4
5.31528664 4.44141624E-4
5.32509947 4.43736091E-4
5.33493042 4.43324883E-4
5.34477949 4.42908058E-4
5.35464668 4.42485587E-4
5.36453199 4.42057499E-4
5.37443542 4.41623939E-4
5.38435745 4.41184849E-4
5.39429808 4.40740259E-4
5.40425634 4.40290256E-4
5.41423368 4.39834897E-4
5.42422915 4.39374155E-4
5.43424273 4.38908115E-4
5.44427538 4.38436778E-4
5.45432615 4.37960232E-4
5.46439552 4.37478506E-4
5.47448349 4.3699154E-4
5.48459053 4.36499511E-4
5.49471569 4.36002418E-4
5.50485992 4.35500231E-4
5.51502228 4.34993068E-4
5.52520418 4.34480928E-4
5.53540421 4.33963898E-4
5.5456233 4.33441979E-4
5.55586147 4.329152E-4
5.56611824 4.32383618E-4
5.57639408 4.31847293E-4
5.586689 4.31306253E-4
5.59700298 4.30760498E-4
5.60733557 4.30210086E-4
5.6176877 4.29655105E-4
5.62805891 4.29095555E-4
5.63844872 4.28531523E-4
5.64885807 4.27962979E-4
5.65928698 4.27389983E-4
5.66973448 4.26812592E-4
5.68020201 4.26230865E-4
5.69068813 4.25644801E-4
5.70119429 4.25054488E-4
5.71171951 4.24459897E-4
5.72226381 4.23861144E-4
5.73282814 4.23258258E-4
5.74341154 4.22651239E-4
5.75401497 4.22040117E-4
5.76463747 4.21424978E-4
5.77528 4.20805853E-4
5.78594208 4.20182798E-4
5.79662371 4.19555814E-4
5.80732489 4.18924959E-4
5.81804609 4.18290292E-4
5.82878685 4.17651841E-4
5.83954763 4.17009636E-4
5.85032845 4.16363706E-4
5.86112881 4.15714108E-4
5.87194967 4.15060931E-4
5.88279009 4.14404145E-4
5.89365053 4.13743779E-4
5.904531 4.13079921E-4
5.9154315 4.12412628E-4
5.92635202 4.11741872E-4
5.93729305 4.11067769E-4
5.94825411 4.10390319E-4
5.95923567 4.09709552E-4
5.97023726 4.09025524E-4
5.98125887 4.08338237E-4
5.99230146 4.07036539E-4
6.00336409 4.05737432E-4
6.01444674 4.05048282E-4
6.02555037 4.04355989E-4
6.0366745 4.03660641E-4
6.04781914 4.02962294E-4
6.05898428 4.0226095E-4
6.07016993 4.01556666E-4
6.08137608 4.00849472E-4
6.09260321 4.00139426E-4
6.10385132 3.99426528E-4
6.11511993 3.98710865E-4
6.12640905 3.97992437E-4
6.13771915 3.97271302E-4
6.14905024 3.96547461E-4
6.1604023 3.95821E-4
6.17177534 3.95091949E-4
6.18316936 3.94360337E-4
6.19458437 3.93626193E-4
6.20602036 3.92889546E-4
6.2174778 3.92150454E-4
6.22895622 3.91408947E-4
6.24045563 3.90665082E-4
6.25197649 3.8991883E-4
6.26351833 3.89170338E-4
6.27508163 3.88419518E-4
6.28666639 3.87666485E-4
6.29827261 3.8691127E-4
6.30989981 3.86153872E-4
6.32154894 3.85394349E-4
6.33321953 3.8463276E-4
6.34491158 3.83869075E-4
6.35662508 3.83103412E-4
6.36836052 3.8233574E-4
6.38011742 3.81566118E-4
6.39189577 3.80794605E-4
6.40369606 3.80021171E-4
6.41551828 3.79245903E-4
6.42736244 3.7846886E-4
6.43922806 3.77690012E-4
6.45111561 3.76909418E-4
6.46302557 3.76127107E-4
6.47495699 3.75343137E-4
6.48691082 3.7455748E-4
6.49888659 3.7377025E-4
6.51088428 3.7298142E-4
6.5229044 3.72191076E-4
6.53494644 3.7139919E-4
6.5470109 3.70605849E-4
6.55909777 3.69811023E-4
6.57120705 3.69014801E-4
6.58333826 3.6821721E-4
6.59549189 3.67418223E-4
6.6076684 3.66617925E-4
6.61986685 3.65816348E-4
6.63208818 3.65013519E-4
6.64433193 3.64209438E-4
6.65659809 3.63404164E-4
6.66888714 3.62597726E-4
6.68119907 3.61790153E-4
6.69353342 3.60981445E-4
6.70589066 3.60171689E-4
6.71827078 3.59360856E-4
6.73067331 3.58549034E-4
6.74309921 3.57736193E-4
6.755548 3.56922421E-4
6.76801968 3.56107688E-4
6.78051424 3.55292053E-4
6.79303217 3.54475545E-4
6.80557299 3.53658193E-4
6.81813717 3.52840027E-4
6.83072424 3.52021074E-4
6.84333515 3.51201335E-4
6.85596848 3.50380869E-4
6.86862564 3.49559676E-4
6.88130617 3.48737842E-4
6.89401007 3.47915309E-4
6.90673733 3.47092166E-4
6.91948843 3.4626844E-4
6.93226242 3.45444132E-4
6.94506073 3.44619242E-4
6.95788193 3.43793858E-4
6.97072744 3.42967949E-4
6.98359632 3.42141575E-4
6.99648905 3.41314764E-4
7.00940561 3.40487546E-4
7.02234602 3.39659891E-4
7.03531027 3.38831887E-4
7.04829836 3.38003534E-4
7.06131029 3.37174861E-4
7.07434654 3.36345867E-4
7.08740711 3.35516612E-4
7.10049105 3.34687124E-4
7.11359978 3.33857373E-4
7.12673235 2.93022429E-4
7.13988924 2.57344218E-4
7.15307093 2.57007021E-4
7.16627645 2.56667263E-4
7.1795063 2.56324856E-4
7.19276047 2.55979918E-4
7.20603943 2.55632418E-4
7.21934271 2.55282415E-4
7.23267078 2.54929939E-4
7.24602318 2.54574989E-4
7.25940037 2.54217623E-4
7.27280235 2.53857841E-4
7.28622913 2.53495644E-4
7.29968023 2.53131118E-4
7.3131566 2.52764265E-4
7.32665777 2.52395082E-4
7.34018373 2.52023601E-4
7.35373497 2.51649879E-4
7.367311 2.51273916E-4
7.38091183 2.5089574E-4
7.3945384 2.50515383E-4
7.40818977 2.50132842E-4
7.42186594 2.49748176E-4
7.43556786 2.49361416E-4
7.44929504 2.4897253E-4
7.4630475 2.48581578E-4
7.47682524 2.48188589E-4
7.49062872 2.47793592E-4
7.50445747 2.47396587E-4
7.5183115 2.46997603E-4
7.53219175 2.46596668E-4
7.54609728 2.46193842E-4
7.56002808 2.45789095E-4
7.5739851 2.45382456E-4
7.58796787 2.44973984E-4
7.60197639 2.44563678E-4
7.61601067 2.44151568E-4
7.63007069 2.43737668E-4
7.64415693 2.43321992E-4
7.65826941 2.42904585E-4
7.67240763 2.42485447E-4
7.6865716 2.42064649E-4
7.70076227 2.41642163E-4
7.71497917 2.41218018E-4
7.72922182 2.40741836E-4
7.74349117 2.40264475E-4
7.75778675 2.39836168E-4
7.77210855 2.39406305E-4
7.78645706 2.38974899E-4
7.80083179 2.38541965E-4
7.81523371 2.38107546E-4
7.82966137 2.37671644E-4
7.84411621 2.37234286E-4
7.85859776 2.36795488E-4
7.87310553 2.36355278E-4
7.88764048 2.35913685E-4
7.90220213 2.35470725E-4
7.91679096 2.35026411E-4
7.9314065 2.34580773E-4
7.94604874 2.3413384E-4
7.96071815 2.33685598E-4
7.97541475 2.33236104E-4
7.99013853 2.32785344E-4
8.00488949 2.3233339E-4
8.01966763 2.31880214E-4
8.03447342 2.31425845E-4
8.04930592 2.30970327E-4
8.06416607 2.30513659E-4
8.07905388 2.3005587E-4
8.09396839 2.29596975E-4
8.10891151 2.29136989E-4
8.12388134 2.28675941E-4
8.13887978 2.28213845E-4
8.15390491 2.2775073E-4
8.16895866 2.27286597E-4
8.18403912 2.26821488E-4
8.19914818 2.26355405E-4
8.2142849 2.25888361E-4
8.22944927 2.25420401E-4
8.24464226 2.24951524E-4
8.2598629 2.24481744E-4
8.27511215 2.24011077E-4
8.29038906 2.23539566E-4
8.30569458 2.2306724E-4
8.32102776 2.2259407E-4
8.33638954 2.22120085E-4
8.35177994 2.20731788E-4
8.36719799 2.19354682E-4
8.38264561 2.18890811E-4
8.39812088 2.18426154E-4
8.41362476 2.17960711E-4
8.42915821 2.17494497E-4
8.44471931 2.17027526E-4
8.46030903 2.16559813E-4
8.47592831 2.16091415E-4
8.49157619 2.1562232E-4
8.50725269 2.1515254E-4
8.52295876 2.14682092E-4
8.53869247 2.14210988E-4
8.55445671 2.13739258E-4
8.57024956 2.13266918E-4
8.58607101 2.12793995E-4
8.60192204 2.12320476E-4
8.61780262 2.11846389E-4
8.63371277 2.11371764E-4
8.64965153 2.108966E-4
8.66561985 2.10420927E-4
8.68161774 2.09944745E-4
8.69764519 2.09468082E-4
8.7137022 2.08990969E-4
8.72978878 2.08513375E-4
8.74590588 2.08035344E-4
8.76205158 2.07556906E-4
8.77822781 2.07078047E-4
8.79443359 2.06598794E-4
8.81066895 2.06119163E-4
8.82693481 2.05639168E-4
8.8432312 2.05158824E-4
8.85955715 2.04678159E-4
8.87591267 2.0419716E-4
8.8922987 2.0371587E-4
8.90871525 2.03234275E-4
8.92516232 2.02752402E-4
8.94163895 2.02270268E-4
8.95814705 2.01787887E-4
8.97468472 2.01305273E-4
8.99125385 2.00822426E-4
9.00785255 2.00339389E-4
9.02448273 1.99856149E-4
9.04114246 1.9937272E-4
9.05783367 1.98889145E-4
9.07455635 1.98405396E-4
9.09130859 1.97921516E-4
9.10809326 1.9743749E-4
9.12490749 1.96953362E-4
9.1417532 1.96469147E-4
9.15863037 1.95984816E-4
9.17553902 1.95500412E-4
9.19247818 1.95015949E-4
9.20944881 1.94531443E-4
9.22645092 1.94046879E-4
9.24348354 1.935623E-4
9.26054859 1.93077707E-4
9.27764511 1.92593099E-4
9.2947731 1.92108506E-4
9.31193256 1.91623927E-4
9.3291235 1.91139377E-4
9.3463459 1.90654886E-4
9.36360073 1.90170438E-4
9.38088703 1.89686063E-4
9.39820576 1.89201746E-4
9.41555595 1.88717531E-4
9.43293858 1.88233418E-4
9.45035362 1.87749421E-4
9.46780014 1.87265527E-4
9.48527908 1.86781777E-4
9.50279045 1.86298174E-4
9.52033329 1.85814715E-4
9.53790951 1.85331432E-4
9.55551815 1.84848308E-4
9.57315826 1.84365388E-4
9.59083176 1.83882643E-4
9.60853767 1.83400116E-4
9.62627697 1.82917807E-4
9.64404869 1.82435717E-4
9.66185284 1.81953859E-4
9.67968941 1.81472249E-4
9.69755936 1.80990886E-4
9.71546268 1.805098E-4
9.73339939 1.8002899E-4
9.75136852 1.79548457E-4
9.76937103 1.79068214E-4
9.78740597 1.78588278E-4
9.80547523 1.78108647E-4
9.82357788 1.77629336E-4
9.84171295 1.77150359E-4
9.85988235 1.76671718E-4
9.87808514 1.76193425E-4
9.8963213 1.75715482E-4
9.91459179 1.75237903E-4
9.93289566 1.74760702E-4
9.95123291 1.74283879E-4
9.96960449 1.7380745E-4
9.98800945 1.73331413E-4
10.0064487 1.72855769E-4
10.0249224 1.72380562E-4
10.0434294 1.71905762E-4
10.0619707 1.71431398E-4
10.0805473 1.70957472E-4
10.0991573 1.70483996E-4
10.1178017 1.70010957E-4
10.1364803 1.69538398E-4
10.1551943 1.6906629E-4
10.1739416 1.68594663E-4
10.1927242 1.6812353E-4
10.2115412 1.67652877E-4
10.2303934 1.67182719E-4
10.24928 1.66713071E-4
10.2682018 1.66243932E-4
10.287158 1.65775316E-4
10.3061495 1.65307225E-4
10.3251762 1.64839657E-4
10.3442383 1.64372643E-4
10.3633356 1.63906167E-4
10.3824673 1.63440243E-4
10.4016352 1.62974873E-4
10.4208374 1.62510085E-4
10.4400759 1.6204585E-4
10.4593496 1.61582211E-4
10.4786596 1.6111914E-4
10.4980049 1.60656666E-4
10.5173855 1.60194788E-4
10.5368023 1.59733521E-4
10.5562544 1.59272851E-4
10.5757427 1.58812793E-4
10.5952673 1.58353359E-4
10.6148272 1.57894552E-4
10.6344242 1.57436385E-4
10.6540565 1.56978844E-4
10.6737251 1.56521943E-4
10.6934309 1.56065697E-4
10.713172 1.55610105E-4
10.7329502 1.55155169E-4
10.7527647 1.54700901E-4
10.7726164 1.54247289E-4
10.7925034 1.53794361E-4
10.8124285 1.53342116E-4
10.8323898 1.52890541E-4
10.8523874 1.52439665E-4
10.8724222 1.51989487E-4
10.8924942 1.51539993E-4
10.9126034 1.51091226E-4
10.9327497 1.50643144E-4
10.9529333 1.50195774E-4
10.9731541 1.49749132E-4
10.993412 1.49303218E-4
11.0137072 1.48858016E-4
11.0340405 1.48413557E-4
11.0544109 1.47969826E-4
11.0748186 1.47526836E-4
11.0952644 1.47084589E-4
11.1157475 1.46643084E-4
11.1362686 1.46202321E-4
11.1568279 1.45762329E-4
11.1774254 1.4532308E-4
11.19806 1.44884616E-4
11.2187338 1.44446894E-4
11.2394447 1.44009959E-4
11.2601948 1.43573794E-4
11.280983 1.43138401E-4
11.3018084 1.42703793E-4
11.3226738 1.42269972E-4
11.3435764 1.41836936E-4
11.3645191 1.414047E-4
11.385499 1.4097325E-4
11.406518 1.40542601E-4
11.4275761 1.40112752E-4
11.4486732 1.39683703E-4
11.4698095 1.3925547E-4
11.490984 1.38828036E-4
11.5121984 1.38401432E-4
11.5334511 1.37975629E-4
11.5547438 1.37550654E-4
11.5760756 1.37126495E-4
11.5974464 1.3670318E-4
11.6188574 1.3628068E-4
11.6403074 1.35859009E-4
11.6617966 1.35438167E-4
11.6833258 1.3501817E-4
11.704895 1.34599002E-4
11.7265043 1.34180693E-4
11.7481527 1.33763213E-4
11.7698412 1.33346577E-4
11.7915707 1.329308E-4
11.8133392 1.32515866E-4
11.8351488 1.32101792E-4
11.8569975 1.31688561E-4
11.8788872 1.31276203E-4
11.9008179 1.30864704E-4
11.9227877 1.30454049E-4
11.9447994 1.30044267E-4
11.9668512 1.29635358E-4
11.9889431 1.29227308E-4
